planets:
  b:
    P: 1.548352
    Tc: 2457772.12388400
    K: 2.17
    user_phase: [0.50, 0.01]
    quadrature_window: [0.01]
Tref: 2458000.000
dates: ['2024-01-20','2024-01-21', '2024-01-22', '2024-01-23', '2024-01-24', '2024-01-25', '2024-01-26']
night_start: '20:00'
night_duration: 10.0
visibility_start: '20:00'
visibility_duration: 5.00